"Time (ps)"	"Counts per bin"
0	11
10	8
20	9
30	9
40	9
50	5
60	11
70	7
80	12
90	14
100	13
110	7
120	11
130	6
140	7
150	11
160	13
170	7
180	16
190	11
200	7
210	13
220	6
230	9
240	4
250	6
260	11
270	5
280	11
290	7
300	13
310	7
320	15
330	6
340	12
350	12
360	9
370	13
380	12
390	10
400	13
410	5
420	6
430	11
440	11
450	10
460	15
470	9
480	11
490	5
500	11
510	16
520	7
530	6
540	12
550	10
560	11
570	9
580	9
590	15
600	15
610	14
620	13
630	23
640	20
650	18
660	10
670	9
680	8
690	14
700	12
710	26
720	29
730	16
740	22
750	24
760	17
770	21
780	13
790	30
800	29
810	27
820	30
830	37
840	40
850	44
860	50
870	52
880	36
890	46
900	59
910	69
920	51
930	76
940	61
950	92
960	87
970	92
980	100
990	95
1000	109
1010	112
1020	123
1030	130
1040	136
1050	122
1060	140
1070	153
1080	154
1090	155
1100	172
1110	184
1120	177
1130	172
1140	209
1150	221
1160	193
1170	227
1180	245
1190	233
1200	250
1210	267
1220	253
1230	276
1240	286
1250	264
1260	273
1270	312
1280	331
1290	314
1300	358
1310	400
1320	395
1330	428
1340	425
1350	419
1360	425
1370	492
1380	485
1390	479
1400	526
1410	520
1420	561
1430	567
1440	572
1450	618
1460	623
1470	653
1480	613
1490	647
1500	693
1510	709
1520	723
1530	681
1540	701
1550	700
1560	691
1570	773
1580	759
1590	744
1600	738
1610	766
1620	767
1630	808
1640	778
1650	804
1660	719
1670	816
1680	815
1690	839
1700	760
1710	751
1720	759
1730	849
1740	807
1750	757
1760	801
1770	814
1780	789
1790	786
1800	790
1810	771
1820	804
1830	787
1840	780
1850	804
1860	795
1870	794
1880	751
1890	769
1900	743
1910	768
1920	777
1930	770
1940	710
1950	732
1960	697
1970	750
1980	724
1990	750
2000	673
2010	690
2020	684
2030	673
2040	730
2050	693
2060	649
2070	662
2080	698
2090	662
2100	671
2110	651
2120	668
2130	618
2140	660
2150	628
2160	599
2170	610
2180	584
2190	604
2200	612
2210	566
2220	552
2230	573
2240	536
2250	563
2260	559
2270	548
2280	565
2290	505
2300	510
2310	546
2320	526
2330	496
2340	519
2350	483
2360	504
2370	461
2380	491
2390	478
2400	472
2410	494
2420	472
2430	424
2440	462
2450	447
2460	450
2470	430
2480	431
2490	413
2500	466
2510	366
2520	417
2530	399
2540	391
2550	368
2560	402
2570	394
2580	395
2590	372
2600	364
2610	345
2620	370
2630	375
2640	379
2650	383
2660	352
2670	357
2680	303
2690	328
2700	324
2710	315
2720	323
2730	299
2740	336
2750	341
2760	311
2770	295
2780	326
2790	293
2800	291
2810	283
2820	313
2830	271
2840	281
2850	279
2860	244
2870	282
2880	264
2890	248
2900	239
2910	243
2920	243
2930	240
2940	236
2950	222
2960	243
2970	240
2980	246
2990	202
3000	238
3010	231
3020	211
3030	243
3040	198
3050	191
3060	198
3070	194
3080	197
3090	183
3100	178
3110	181
3120	188
3130	166
3140	192
3150	170
3160	168
3170	167
3180	177
3190	167
3200	145
3210	160
3220	154
3230	167
3240	168
3250	152
3260	166
3270	141
3280	155
3290	152
3300	141
3310	141
3320	136
3330	147
3340	128
3350	165
3360	130
3370	132
3380	153
3390	142
3400	136
3410	130
3420	129
3430	136
3440	123
3450	128
3460	124
3470	134
3480	109
3490	114
3500	106
3510	124
3520	101
3530	103
3540	102
3550	108
3560	96
3570	127
3580	84
3590	98
3600	84
3610	101
3620	93
3630	105
3640	105
3650	84
3660	96
3670	95
3680	84
3690	84
3700	93
3710	83
3720	86
3730	104
3740	84
3750	83
3760	88
3770	75
3780	102
3790	95
3800	72
3810	73
3820	83
3830	84
3840	98
3850	77
3860	64
3870	82
3880	74
3890	62
3900	65
3910	68
3920	67
3930	73
3940	52
3950	69
3960	59
3970	65
3980	79
3990	61
4000	63
4010	64
4020	60
4030	47
4040	53
4050	55
4060	72
4070	51
4080	60
4090	59
4100	49
4110	48
4120	54
4130	51
4140	53
4150	55
4160	49
4170	60
4180	53
4190	51
4200	42
4210	57
4220	50
4230	50
4240	41
4250	35
4260	45
4270	43
4280	37
4290	48
4300	43
4310	43
4320	53
4330	53
4340	29
4350	39
4360	51
4370	40
4380	40
4390	37
4400	36
4410	24
4420	47
4430	42
4440	38
4450	45
4460	39
4470	40
4480	38
4490	39
4500	44
4510	34
4520	37
4530	62
4540	48
4550	38
4560	42
4570	39
4580	26
4590	29
4600	32
4610	49
4620	27
4630	22
4640	27
4650	35
4660	33
4670	26
4680	34
4690	34
4700	28
4710	26
4720	28
4730	31
4740	21
4750	25
4760	24
4770	25
4780	39
4790	35
4800	42
4810	26
4820	23
4830	28
4840	23
4850	32
4860	32
4870	22
4880	33
4890	35
4900	26
4910	24
4920	31
4930	30
4940	29
4950	31
4960	25
4970	28
4980	28
4990	29
5000	31
5010	27
5020	30
5030	32
5040	25
5050	29
5060	25
5070	28
5080	20
5090	22
5100	18
5110	19
5120	28
5130	22
5140	21
5150	27
5160	24
5170	17
5180	27
5190	20
5200	23
5210	23
5220	24
5230	31
5240	16
5250	15
5260	13
5270	17
5280	19
5290	21
5300	22
5310	25
5320	16
5330	26
5340	31
5350	12
5360	22
5370	17
5380	19
5390	18
5400	33
5410	23
5420	15
5430	17
5440	18
5450	17
5460	23
5470	25
5480	15
5490	13
5500	17
5510	20
5520	28
5530	16
5540	18
5550	14
5560	18
5570	20
5580	20
5590	12
5600	16
5610	17
5620	15
5630	14
5640	19
5650	19
5660	11
5670	21
5680	9
5690	22
5700	25
5710	12
5720	14
5730	18
5740	17
5750	14
5760	24
5770	11
5780	20
5790	18
5800	19
5810	10
5820	17
5830	12
5840	17
5850	13
5860	19
5870	17
5880	17
5890	17
5900	15
5910	13
5920	14
5930	9
5940	11
5950	11
5960	14
5970	19
5980	14
5990	15
6000	14
6010	11
6020	23
6030	16
6040	13
6050	17
6060	11
6070	13
6080	15
6090	13
6100	13
6110	13
6120	15
6130	14
6140	18
6150	14
6160	9
6170	14
6180	10
6190	12
6200	14
6210	17
6220	14
6230	19
6240	9
6250	13
6260	8
6270	10
6280	11
6290	7
6300	11
6310	8
6320	13
6330	12
6340	14
6350	10
6360	9
6370	12
6380	13
6390	21
6400	12
6410	14
6420	11
6430	16
6440	13
6450	9
6460	8
6470	7
6480	20
6490	12
6500	13
6510	16
6520	9
6530	15
6540	16
6550	11
6560	25
6570	13
6580	10
6590	16
6600	15
6610	12
6620	12
6630	8
6640	17
6650	9
6660	8
6670	10
6680	14
6690	12
6700	7
6710	13
6720	16
6730	11
6740	12
6750	11
6760	14
6770	11
6780	7
6790	10
6800	14
6810	11
6820	16
6830	10
6840	11
6850	9
6860	17
6870	12
6880	12
6890	17
6900	8
6910	9
6920	8
6930	8
6940	14
6950	8
6960	17
6970	6
6980	11
6990	9
7000	20
7010	10
7020	11
7030	15
7040	10
7050	11
7060	9
7070	15
7080	12
7090	12
7100	5
7110	13
7120	7
7130	16
7140	18
7150	11
7160	11
7170	9
7180	9
7190	16
7200	20
7210	9
7220	11
7230	14
7240	14
7250	10
7260	10
7270	6
7280	13
7290	8
7300	11
7310	11
7320	8
7330	10
7340	13
7350	14
7360	13
7370	16
7380	9
7390	9
7400	15
7410	13
7420	9
7430	12
7440	19
7450	13
7460	12
7470	16
7480	14
7490	12
7500	12
7510	14
7520	8
7530	14
7540	8
7550	13
7560	7
7570	9
7580	11
7590	8
7600	7
7610	15
7620	9
7630	10
7640	13
7650	12
7660	19
7670	12
7680	12
7690	21
7700	8
7710	7
7720	12
7730	13
7740	16
7750	7
7760	8
7770	10
7780	12
7790	12
7800	10
7810	14
7820	17
7830	11
7840	20
7850	10
7860	13
7870	12
7880	16
7890	15
7900	17
7910	15
7920	16
7930	15
7940	9
7950	17
7960	3
7970	11
7980	10
7990	13
8000	15
8010	13
8020	11
8030	15
8040	7
8050	7
8060	7
8070	10
8080	15
8090	13
8100	7
8110	15
8120	13
8130	10
8140	8
8150	8
8160	7
8170	7
8180	11
8190	11
8200	12
8210	13
8220	13
8230	7
8240	14
8250	13
8260	11
8270	7
8280	14
8290	10
8300	10
8310	12
8320	15
8330	15
8340	9
8350	7
8360	16
8370	7
8380	10
8390	10
8400	13
8410	14
8420	9
8430	14
8440	10
8450	13
8460	13
8470	8
8480	10
8490	8
8500	12
8510	14
8520	12
8530	7
8540	8
8550	12
8560	13
8570	12
8580	15
8590	11
8600	15
8610	18
8620	14
8630	11
8640	4
8650	17
8660	14
8670	8
8680	13
8690	15
8700	6
8710	8
8720	12
8730	17
8740	15
8750	10
8760	16
8770	10
8780	13
8790	7
8800	14
8810	14
8820	12
8830	9
8840	11
8850	8
8860	14
8870	9
8880	9
8890	17
8900	7
8910	11
8920	6
8930	8
8940	9
8950	11
8960	20
8970	17
8980	10
8990	13
9000	11
9010	8
9020	6
9030	10
9040	17
9050	11
9060	10
9070	14
9080	17
9090	12
9100	7
9110	13
9120	13
9130	12
9140	7
9150	9
9160	8
9170	8
9180	14
9190	13
9200	8
9210	10
9220	6
9230	12
9240	13
9250	15
9260	12
9270	8
9280	11
9290	11
9300	9
9310	8
9320	17
9330	11
9340	12
9350	9
9360	17
9370	8
9380	15
9390	14
9400	11
9410	6
9420	14
9430	11
9440	12
9450	8
9460	9
9470	10
9480	7
9490	9
9500	5
9510	15
9520	13
9530	15
9540	5
9550	9
9560	11
9570	16
9580	10
9590	11
9600	4
9610	11
9620	9
9630	8
9640	9
9650	7
9660	11
9670	5
9680	11
9690	23
9700	8
9710	15
9720	13
9730	8
9740	12
9750	10
9760	10
9770	11
9780	14
9790	14
9800	11
9810	6
9820	14
9830	11
9840	13
9850	12
9860	8
9870	6
9880	8
9890	11
9900	6
9910	11
9920	11
9930	9
9940	9
9950	10
9960	4
9970	8
9980	12
9990	9
10000	10
10010	15
10020	11
10030	17
10040	6
10050	9
10060	7
10070	13
10080	11
10090	9
10100	14
10110	7
10120	10
10130	9
10140	8
10150	15
10160	7
10170	11
10180	3
10190	10
10200	10
10210	9
10220	9
10230	12
10240	12
10250	6
10260	14
10270	12
10280	10
10290	8
10300	7
10310	11
10320	12
10330	14
10340	10
10350	14
10360	11
10370	7
10380	14
10390	12
10400	7
10410	7
10420	6
10430	11
10440	11
10450	8
10460	6
10470	10
10480	9
10490	8
10500	9
10510	10
10520	7
10530	6
10540	13
10550	10
10560	10
10570	6
10580	7
10590	10
10600	13
10610	17
10620	13
10630	10
10640	6
10650	11
10660	11
10670	4
10680	10
10690	14
10700	10
10710	12
10720	9
10730	9
10740	11
10750	10
10760	8
10770	13
10780	11
10790	8
10800	11
10810	6
10820	9
10830	11
10840	11
10850	9
10860	10
10870	14
10880	14
10890	16
10900	8
10910	15
10920	13
10930	8
10940	6
10950	8
10960	15
10970	10
10980	19
10990	13
11000	12
11010	13
11020	13
11030	7
11040	14
11050	8
11060	11
11070	12
11080	13
11090	10
11100	11
11110	5
11120	9
11130	11
11140	9
11150	10
11160	12
11170	16
11180	8
11190	9
11200	10
11210	16
11220	11
11230	9
11240	7
11250	7
11260	6
11270	11
11280	7
11290	10
11300	16
11310	17
11320	8
11330	16
11340	15
11350	5
11360	14
11370	7
11380	12
11390	12
11400	12
11410	11
11420	8
11430	11
11440	12
11450	10
11460	11
11470	13
11480	10
11490	9
11500	12
11510	11
11520	13
11530	12
11540	13
11550	14
11560	10
11570	10
11580	16
11590	8
11600	4
11610	7
11620	8
11630	7
11640	7
11650	11
11660	10
11670	5
11680	11
11690	17
11700	18
11710	9
11720	6
11730	8
11740	14
11750	13
11760	6
11770	10
11780	9
11790	13
11800	13
11810	7
11820	9
11830	11
11840	6
11850	8
11860	8
11870	9
11880	14
11890	6
11900	11
11910	12
11920	9
11930	9
11940	10
11950	11
11960	11
11970	7
11980	9
11990	10
12000	9
12010	8
12020	18
12030	13
12040	7
12050	11
12060	7
12070	7
12080	15
12090	3
12100	12
12110	10
12120	11
12130	18
12140	10
12150	11
12160	13
12170	13
12180	12
12190	11
12200	11
12210	10
12220	3
12230	11
12240	12
12250	13
12260	5
12270	10
12280	11
12290	8
12300	9
12310	10
12320	13
12330	14
12340	8
12350	9
12360	8
12370	10
12380	4
12390	10
12400	12
12410	10
12420	5
12430	6
12440	9
12450	2
12460	11
12470	5
12480	11
12490	9
